.Random.seed <-
c(403L, 343L, 70112722L, -1723583304L, -1402289550L, -663336034L, 
944970162L, -161382502L, -645023341L, 2013423914L, -1726516007L, 
-89648733L, -1818454543L, 953235361L, -14171862L, 1030195030L, 
1814139995L, -1238787621L, -1041797601L, 1052999608L, -320314882L, 
-1509395908L, 1364872359L, 2067531661L, 395807821L, 451143471L, 
-1720398625L, -1259878526L, -2573896L, -1963769929L, 392529612L, 
-1059297680L, 439249634L, 1804707021L, 741300285L, 1748911738L, 
-497714258L, -1674461661L, 1710723181L, 122745446L, 1713588822L, 
1845346266L, 243987624L, 773276634L, 1820747428L, -442078173L, 
-289075723L, -1756593985L, -1237281128L, -1201940694L, 904802850L, 
1815929966L, 428942414L, 603437642L, 859391041L, 314588973L, 
-2099450804L, -48859291L, 847698009L, -484287541L, 316125195L, 
10338614L, -1554010241L, 429497636L, -336965212L, 30385733L, 
1785357937L, 1513453731L, 1986745677L, -1009550480L, 1887241220L, 
1004171880L, 206361276L, -636185565L, 310906806L, -1968086671L, 
-1778060668L, -1225233399L, -283534233L, -1158203868L, 339788261L, 
1169708887L, -1777517420L, -243390753L, -1302588969L, 1176864720L, 
-4645468L, 1869909718L, 762867503L, 1586089315L, -1669744722L, 
201091510L, -1890986009L, 1363410715L, 837573227L, 390602240L, 
1701051172L, 239107975L, -1046038586L, 1407280650L, -1708248969L, 
1621341445L, 984904654L, -471789224L, 935659862L, 1370369653L, 
-1469035563L, -1822249198L, -666244060L, 1941106599L, -68432338L, 
926295632L, -1193018191L, 1700397036L, 45818170L, 1732037014L, 
410969583L, 51320973L, -127995765L, -664706739L, 1067526028L, 
-1629609015L, -1974755449L, -472688113L, -584452337L, 1495867557L, 
525334875L, -1342043534L, -1515053128L, 1084856275L, 1267074274L, 
-1283299376L, -1065350438L, -1140262418L, 2137085401L, -1814793166L, 
585246983L, 928426917L, -1463621427L, -342869514L, 376371942L, 
-534076756L, -1802159707L, -1616896800L, 333273784L, 597643665L, 
-572693244L, 980069273L, -2131768584L, 1547022726L, -2103297701L, 
904592098L, -475033200L, -646959129L, 366216543L, 1818999942L, 
1768790388L, 263577450L, -1494837865L, 1315390674L, -551182343L, 
308288234L, 1623045889L, 1441265084L, 331964960L, -1067134098L, 
-645564894L, 1548910054L, 1105992218L, -1397912300L, 1680647673L, 
-224454768L, -679994128L, -719119387L, -1021740077L, 1820883965L, 
1506120919L, 1659067138L, -1492601159L, 519101264L, -692838491L, 
-1461987990L, -871404864L, -1311506860L, -1212156728L, -1010015563L, 
1540288540L, 162543336L, 1994903689L, -1484282345L, -1004003336L, 
1518383130L, 793323919L, 1090617802L, 1757621091L, -2079755594L, 
34623596L, 962021851L, -1363088130L, 2143025313L, -2074313767L, 
1356252168L, 1512692764L, 328463573L, 148449379L, 1287899710L, 
1833322687L, -1812505188L, -1000488572L, 216334005L, -1395779180L, 
944598394L, -1909507408L, 1300417394L, 814592299L, -419888745L, 
-1236926948L, 321502691L, -1469633669L, -1127134343L, 1266569817L, 
-1001870509L, -1164216809L, -337696286L, -2079576492L, -819275933L, 
-21524545L, 47296331L, -327246549L, 1279459213L, -1459227977L, 
992122660L, -469213523L, 1918610279L, 1161499163L, -578587197L, 
1942280726L, 1629918384L, 1788356204L, 1515481540L, 52823760L, 
1448012460L, -1481161139L, -410023241L, 474014081L, -538313897L, 
1630065007L, 733350445L, 671391563L, -1641974917L, -977534815L, 
-956378457L, 1332831223L, -1476103221L, 1149232663L, 449892980L, 
365580414L, 634666174L, 1722071046L, 178616191L, -481043919L, 
-1058926565L, -605255699L, 1852047311L, -1453826889L, -1800250650L, 
-242355394L, 40369885L, 820625664L, 753215749L, -1600931192L, 
816075858L, 422928851L, -812523288L, 1113967035L, -566288364L, 
-545862091L, 1768918040L, 2073208948L, -1238372996L, 1184900724L, 
-552822662L, 1786755759L, -1896133789L, 2015449816L, 414588102L, 
1503610609L, -1367807179L, -20082798L, -130156758L, 1314868472L, 
-1855300238L, 1504023557L, 1715225013L, 1745252989L, -1479433807L, 
189295034L, -1877140082L, 2041520528L, 1394054247L, 1722053565L, 
-1557476154L, -1704295458L, 1939899915L, 565800335L, -862132442L, 
621935658L, -1815575097L, 2140535842L, -360425867L, -1442640486L, 
-708174530L, 1550449314L, 1315026825L, -2066624983L, 1288752257L, 
731075697L, 651651510L, -1107893227L, -1825794404L, 1356830107L, 
2033429604L, 889598793L, 2116022579L, -648372953L, -334003615L, 
414855105L, 1568073398L, 1238927782L, -1781135592L, -1428308821L, 
1494021122L, -1176921827L, -495387277L, 259191143L, -2139476288L, 
1013196343L, 1442392250L, 928365126L, 2055943286L, -963532016L, 
-1350924981L, 1187474847L, -1053494265L, 1741407462L, -1561685873L, 
1133501424L, -1868709815L, 420757554L, 2080602420L, -1020403320L, 
303212706L, -1885956251L, -221259815L, 34828987L, -297432750L, 
-1601758594L, -585256849L, -1513116565L, -558331342L, -1932421224L, 
-1739294975L, 27876631L, 310400318L, 1312598222L, -1150802749L, 
-490947355L, 1658233187L, -745308172L, 856596227L, -2109727933L, 
-71241353L, -1803883720L, -2039590729L, -1776981138L, -1293467532L, 
-904385852L, -35554055L, 1439178318L, 664629479L, -1431717085L, 
817392679L, -375813450L, 1531569411L, 1519629098L, 115964807L, 
-1600532849L, -1483913295L, 1668697298L, 926563697L, -985471850L, 
1713819731L, 787740407L, 95739598L, -1122740724L, 2040577690L, 
-98757865L, -1013131612L, -511818445L, 1825876365L, -1032439316L, 
-361424146L, 592853299L, 1710786759L, 1931239253L, 1485813535L, 
-1149001464L, -1620999216L, -1195906943L, 430333485L, -672603760L, 
840239721L, -336621793L, -1729579497L, -888177136L, -88467951L, 
-352025184L, 706762L, -1748570794L, 483307478L, -382043485L, 
1556174335L, -419496231L, -1978542476L, -1324630319L, -93459219L, 
-1239780569L, -1500051722L, -120284771L, 1415797361L, 1183093621L, 
1034308319L, -1504477482L, -1360703753L, -388799354L, 1670356239L, 
95779469L, -57155350L, -239263729L, 639735356L, 1841371132L, 
1448428586L, 1532324510L, -319811053L, -1919820165L, -856558908L, 
1039026062L, -1680076504L, -944978533L, 1059518055L, 400217278L, 
-1829490801L, 210526233L, 2109885395L, 280637771L, -1486699927L, 
1963382243L, 360907522L, 1089853265L, -1921816904L, 861954196L, 
-1249396344L, -138239791L, -181713838L, -1508537094L, 1038620486L, 
97699640L, 1728347517L, 1228482659L, -1393400982L, 119848562L, 
-1234033096L, -2099921682L, -262407315L, -479381866L, -1308604324L, 
76683523L, 847121612L, 461958593L, -1133939762L, -446242452L, 
1137633239L, 275323062L, 423598473L, 2084765081L, -1315269760L, 
591401533L, -1931383120L, 1349769142L, 984485816L, 588147686L, 
382453461L, 122206148L, -2077090179L, 1726640088L, -1260421134L, 
1421085871L, -1540790595L, 1334896817L, 976457106L, 1505282602L, 
1702137627L, -2006912737L, -17459643L, -118583194L, 1564574682L, 
2005297709L, 839841202L, 2080362694L, 2069153883L, -388809311L, 
444089533L, -1922124833L, 1358595147L, 675920142L, 108952901L, 
1892538087L, -1303105559L, -1082546733L, 1726101431L, -1582258321L, 
1566714411L, -1380483761L, 253804100L, -1032296294L, -150450680L, 
-1964364630L, -692443547L, -661098440L, -1207293961L, -955932962L, 
299419436L, 1749957469L, -1556035395L, 1791829447L, 2065057447L, 
623145858L, -2136698595L, 102056875L, -1372624916L, 210646820L, 
-417936065L, 652686102L, -871833182L, -1837983145L, 1292856477L, 
1964173320L, 142618889L, -348405883L, -286077888L, 1886820867L, 
-1925615845L, -127412810L, 1793388852L, -1405292315L, -1163012724L, 
1515069377L, 1575917756L, 1487444842L, 682928265L, -94400672L, 
-1028250318L, -957727700L, 2143796770L, -427018317L, -1795244542L, 
1171562433L, 1784271924L, -759025887L, 343169126L, -747312003L, 
-455403908L, -895417198L, -2095048998L, -1207821316L, -283994860L, 
-493955977L, -1391610699L, 1930673414L, -955204176L, 835144905L, 
1916997473L, -1997246383L, -1056036347L, 364649402L, -1935916508L, 
1230376624L, 1216096548L, 313135146L, 1304294725L, 975024160L, 
1392519920L, -887539285L, -1986028446L, 1297036315L, 1277629707L, 
1781066181L, -1737380128L, 988914896L, 762934396L, 773941574L, 
1709553028L, -1873384419L, 92526247L, 156529554L, 550116928L, 
